lastAccountName: MiMtv
timestamps:
  login: 1558892249646
  logout: 1558893445870
  lastteleport: 1558893365083
ipAddress: 109.215.28.41
logoutlocation:
  world: SpaceTacos
  x: 730.6226680356684
  y: 88.0
  z: -844.1077594891073
  yaw: 249.61282
  pitch: 10.050135
lastlocation:
  world: SpaceTacos
  x: 712.4715362980471
  y: 71.0
  z: -940.6999999880791
  yaw: 163.20074
  pitch: 14.400209
godmode: false
afk: false
