lastAccountName: MiMtv
timestamps:
  login: 1557769457956
  logout: 1557769453520
  lastteleport: 1557769591649
ipAddress: 109.215.28.41
logoutlocation:
  world: flatroom
  x: 1400.1449933238655
  y: 4.0
  z: 46.314631495054186
  yaw: 18.899475
  pitch: -8.700293
lastlocation:
  world: flatroom
  x: 1283.8517674553684
  y: 107.68616650999542
  z: 134.72921223282697
  yaw: -303.59344
  pitch: 52.949856
godmode: false
afk: false
