lastAccountName: MiMtv
timestamps:
  login: 1589934109847
  logout: 1589934351043
  lastteleport: 1589934309725
ipAddress: 37.165.213.210
logoutlocation:
  world: flatroom
  x: 1088.8778385594023
  y: 111.24735964468601
  z: 34.341651205848144
  yaw: 261.79047
  pitch: 30.775032
lastlocation:
  world: flatroom
  x: 218.99738719656733
  y: 208.01261421298318
  z: 634.5216827659337
  yaw: -310.03088
  pitch: 56.849876
homes:
  home:
    world: SpaceTacos
    x: -90.36370521264011
    y: 71.0
    z: -81.86015925247153
    yaw: -149.38588
    pitch: 48.599957
afk: false
godmode: false
