lastAccountName: MiMtv
timestamps:
  login: 1569877211946
  logout: 1569877252343
  lastteleport: 1569874019587
ipAddress: 90.120.7.125
logoutlocation:
  world: SpaceTacos
  x: 7.312337786256634
  y: 68.0
  z: -105.16431384418227
  yaw: 287.87775
  pitch: 33.30019
lastlocation:
  world: SpaceTacos
  x: -40.05560792993395
  y: 90.53195739290176
  z: 101.12977114675512
  yaw: 25.949585
  pitch: 62.700214
homes:
  home:
    world: SpaceTacos
    x: 28.819307447724235
    y: 67.0
    z: 36.100983309952106
    yaw: 291.59866
    pitch: 10.949768
afk: false
