lastAccountName: MiMtv
timestamps:
  login: 1565657209558
  logout: 1565657234583
  lastteleport: 1565657043240
ipAddress: 37.173.215.124
logoutlocation:
  world: SpaceTacos
  x: -2260.205761120339
  y: 63.0
  z: 1342.9140241763496
  yaw: -103.30624
  pitch: 56.69963
lastlocation:
  world: SpaceTacos
  x: 28.0
  y: 52.17453472221443
  z: 35.0
  yaw: 63.7502
  pitch: -3.7500036
godmode: false
afk: false
