lastAccountName: MiMtv
timestamps:
  login: 1595763076215
  logout: 1595763363428
  lastteleport: 1595763145246
ipAddress: 82.239.243.132
logoutlocation:
  world: pvpfaction
  x: 696.7168299535325
  y: 70.09708615236802
  z: 969.4273855081216
  yaw: 310.10455
  pitch: 34.19965
lastlocation:
  world: flatroom
  x: 1007.1576410493283
  y: 46.225862517624584
  z: 345.43773796538676
  yaw: 254.78555
  pitch: 9.299526
homes:
  home:
    world: SpaceTacos
    x: -90.36370521264011
    y: 71.0
    z: -81.86015925247153
    yaw: -149.38588
    pitch: 48.599957
afk: false
godmode: false
