lastAccountName: BastouPlay
timestamps:
  login: 1570286050573
  logout: 1570286445253
ipAddress: 46.193.16.41
logoutlocation:
  world: SpaceTacos
  x: -90.93436673959752
  y: 71.0
  z: -82.43784248825824
  yaw: -346.34003
  pitch: 27.358292
