lastAccountName: Arneus5
timestamps:
  login: 1569874011133
  lastteleport: 1569872622306
ipAddress: 78.205.109.10
lastlocation:
  world: SpaceTacos
  x: -150.65450784560971
  y: 68.0
  z: 261.21518382260007
  yaw: -160.63269
  pitch: 33.30066
godmode: false
