lastAccountName: Gewalt
timestamps:
  login: 1595796792955
  lastteleport: 1595802624362
  logout: 1595803435660
ipAddress: 91.169.189.158
lastlocation:
  world: contest
  x: 603.6999999880791
  y: 117.0
  z: 957.6999999880791
  yaw: 281.32736
  pitch: 4.7914715
logoutlocation:
  world: flatroom
  x: 1175.0710173782206
  y: 119.59811054888746
  z: 525.2924842782155
  yaw: -16.350098
  pitch: 20.303715
afk: false
