lastAccountName: Gewalt
timestamps:
  login: 1589934127832
  lastteleport: 1589934189250
  logout: 1589934343601
ipAddress: 91.169.189.158
lastlocation:
  world: flatroom
  x: -145.57663574354314
  y: 22.23586363169441
  z: -88.09340626983801
  yaw: -309.42407
  pitch: 1.9926509
logoutlocation:
  world: flatroom
  x: 1193.2574857001266
  y: 95.85172529538535
  z: 115.32623490394758
  yaw: -205.88184
  pitch: 13.97203
