lastAccountName: Gewalt
timestamps:
  login: 1558893263978
  logout: 1558893453121
  lastteleport: 1558893356079
ipAddress: 109.222.109.117
lastlocation:
  world: SpaceTacos
  x: 634.8354856166259
  y: 150.53740729563484
  z: -992.2682273981121
  yaw: -51.916046
  pitch: 28.746767
afk: false
logoutlocation:
  world: SpaceTacos
  x: 620.5837450932759
  y: 130.0
  z: -1028.1400277204893
  yaw: -287.83127
  pitch: 27.114626
homes:
  jungle:
    world: SpaceTacos
    x: 1567.1965663144142
    y: 87.0
    z: -622.0364006018344
    yaw: 63.88294
    pitch: 57.299976
godmode: false
