lastAccountName: Gewalt
timestamps:
  login: 1569874013425
  lastteleport: 1569873700194
  logout: 1569766612249
ipAddress: 90.5.239.175
lastlocation:
  world: SpaceTacos
  x: 99.52148511625614
  y: 72.0
  z: 94.76249998807907
  yaw: -3.6556382
  pitch: 8.893764
logoutlocation:
  world: flatroom
  x: 1024.4907020161477
  y: 36.17135304551133
  z: 553.0953829112303
  yaw: -174.8811
  pitch: 12.445585
