lastAccountName: Gewalt
timestamps:
  login: 1557769361062
  logout: 1557769911097
  lastteleport: 1557769498958
ipAddress: 109.222.10.21
lastlocation:
  world: flatroom
  x: 1416.0186174080172
  y: 63.1282189791857
  z: 56.20622845511356
  yaw: -190.61597
  pitch: 45.630295
afk: false
logoutlocation:
  world: flatroom
  x: 1166.9230569744852
  y: 78.79588244720703
  z: 190.5421082354379
  yaw: 181.09235
  pitch: 17.80948
homes:
  jungle:
    world: SpaceTacos
    x: 1567.1965663144142
    y: 87.0
    z: -622.0364006018344
    yaw: 63.88294
    pitch: 57.299976
godmode: false
