lastAccountName: nyu3000
timestamps:
  login: 1530657616702
  logout: 1530658554075
ipAddress: 88.138.37.234
lastlocation:
  world: SpaceTacos
  x: 591.9361345792032
  y: 187.2196628218209
  z: -974.3485972946924
  yaw: 325.74054
  pitch: 27.395693
logoutlocation:
  world: flatroom
  x: 864.8987358563772
  y: 182.15814676123662
  z: 505.33281327509314
  yaw: 274.09814
  pitch: 42.327946
