lastAccountName: MagicSide
timestamps:
  login: 1531480102035
  logout: 1531490844897
ipAddress: 88.169.34.107
lastlocation:
  world: SpaceTacos_nether
  x: 0.0
  y: 94.0
  z: 0.0
  yaw: 0.0
  pitch: 0.0
logoutlocation:
  world: flatroom
  x: 704.5002927308817
  y: 15.1173571913804
  z: 280.93055091250005
  yaw: 120.031494
  pitch: -2.4001453
