lastAccountName: Ant01nemax
timestamps:
  login: 1565476297716
  lastteleport: 1515003863325
  logout: 1565476322720
ipAddress: 193.250.110.86
lastlocation:
  world: SpaceTacos
  x: -2368.699999988079
  y: 63.0
  z: 1342.7859234991254
  yaw: 291.36215
  pitch: 12.150384
homes:
  home:
    world: SpaceTacos
    x: 632.1284237134595
    y: 136.0
    z: -1069.2962415397456
    yaw: -77.39624
    pitch: 21.449669
logoutlocation:
  world: SpaceTacos
  x: -2374.5167693667177
  y: 64.0
  z: 1341.2470046373585
  yaw: 288.90414
  pitch: 49.35005
