lastAccountName: caramelbleue
timestamps:
  login: 1513792031749
  logout: 1513793599205
ipAddress: 176.128.65.102
lastlocation:
  world: SpaceTacos
  x: 628.4707939712521
  y: 19.00133597911215
  z: -941.360638858928
  yaw: -25.07755
  pitch: 17.908045
logoutlocation:
  world: SpaceTacos
  x: 649.2375000119209
  y: 130.0
  z: -1047.3289823559662
  yaw: 97.19329
  pitch: 52.130222
