lastAccountName: MiMtv
timestamps:
  login: 1559928859134
  logout: 1561380150018
  lastteleport: 1558893365083
ipAddress: 109.215.28.41
logoutlocation:
  world: SpaceTacos
  x: 741.2727876314548
  y: 88.0
  z: -846.0969625674211
  yaw: 131.41052
  pitch: 57.000122
lastlocation:
  world: SpaceTacos
  x: 712.4715362980471
  y: 71.0
  z: -940.6999999880791
  yaw: 163.20074
  pitch: 14.400209
godmode: false
afk: false
