lastAccountName: Arneus5
timestamps:
  login: 1515002761124
  logout: 1515004453844
ipAddress: 78.205.109.10
lastlocation:
  world: flatroom
  x: 1077.9053926664012
  y: 4.0
  z: 313.54482327441343
  yaw: -149.25223
  pitch: 10.949972
logoutlocation:
  world: flatroom
  x: 1077.5098265726547
  y: 4.0
  z: 360.64432151563375
  yaw: -60.302307
  pitch: -10.050042
