spawns: 
  default: 
    world: SpaceTacos
    x: -2372.9725378592157
    y: 64.0
    z: 1340.0917306949607
    yaw: 271.19995
    pitch: 10.050016
