world: flatroom
x: 937.0696628712035
y: 4.0
z: 369.1695245296994
yaw: 168.60007
pitch: 6.0000153
name: flatroom
lastowner: 18b99c98-58e7-490d-b47e-47ba7ce9cfc4
