world: pvpfaction
x: 894.561122467212
y: 73.0
z: 937.1475921268142
yaw: 46.193817
pitch: 5.1006594
name: pvpfaction
lastowner: 18b99c98-58e7-490d-b47e-47ba7ce9cfc4
